(kicad_pcb (version 20171130) (host pcbnew "(5.0.0)")

  (general
    (thickness 1.6)
    (drawings 0)
    (tracks 770)
    (zones 0)
    (modules 75)
    (nets 62)
  )

  (page A4)
  (title_block
    (title GBF)
    (date 2020-04-22)
    (rev 1)
    (company "Durand Léo")
  )

  (layers
    (0 F.Cu signal)
    (31 B.Cu signal)
    (32 B.Adhes user)
    (33 F.Adhes user)
    (34 B.Paste user)
    (35 F.Paste user)
    (36 B.SilkS user)
    (37 F.SilkS user)
    (38 B.Mask user)
    (39 F.Mask user)
    (40 Dwgs.User user)
    (41 Cmts.User user)
    (42 Eco1.User user)
    (43 Eco2.User user)
    (44 Edge.Cuts user)
    (45 Margin user)
    (46 B.CrtYd user)
    (47 F.CrtYd user)
    (48 B.Fab user)
    (49 F.Fab user)
  )

  (setup
    (last_trace_width 0.25)
    (trace_clearance 0.2)
    (zone_clearance 0.508)
    (zone_45_only no)
    (trace_min 0.1)
    (segment_width 0.2)
    (edge_width 0.15)
    (via_size 1.5)
    (via_drill 0.8)
    (via_min_size 0.4)
    (via_min_drill 0.3)
    (uvia_size 0.3)
    (uvia_drill 0.1)
    (uvias_allowed no)
    (uvia_min_size 0.2)
    (uvia_min_drill 0.1)
    (pcb_text_width 0.3)
    (pcb_text_size 1.5 1.5)
    (mod_edge_width 0.15)
    (mod_text_size 1 1)
    (mod_text_width 0.15)
    (pad_size 2.4 1)
    (pad_drill 0.8)
    (pad_to_mask_clearance 0.2)
    (aux_axis_origin 0 0)
    (visible_elements 7FFFFFFF)
    (pcbplotparams
      (layerselection 0x010fc_ffffffff)
      (usegerberextensions false)
      (usegerberattributes false)
      (usegerberadvancedattributes false)
      (creategerberjobfile false)
      (excludeedgelayer true)
      (linewidth 0.100000)
      (plotframeref false)
      (viasonmask false)
      (mode 1)
      (useauxorigin false)
      (hpglpennumber 1)
      (hpglpenspeed 20)
      (hpglpendiameter 15.000000)
      (psnegative false)
      (psa4output false)
      (plotreference true)
      (plotvalue true)
      (plotinvisibletext false)
      (padsonsilk false)
      (subtractmaskfromsilk false)
      (outputformat 1)
      (mirror false)
      (drillshape 1)
      (scaleselection 1)
      (outputdirectory ""))
  )

  (net 0 "")
  (net 1 "Net-(C1-Pad2)")
  (net 2 "Net-(C1-Pad1)")
  (net 3 "Net-(C2-Pad1)")
  (net 4 GND)
  (net 5 "Net-(C4-Pad1)")
  (net 6 "Net-(C5-Pad1)")
  (net 7 S2a)
  (net 8 S2b)
  (net 9 S2c)
  (net 10 S2d)
  (net 11 "Net-(C9-Pad1)")
  (net 12 "Net-(C10-Pad1)")
  (net 13 "Net-(C10-Pad2)")
  (net 14 demux)
  (net 15 CI)
  (net 16 gbf1)
  (net 17 "Net-(C20-Pad1)")
  (net 18 "Net-(C20-Pad2)")
  (net 19 "Net-(D5-Pad2)")
  (net 20 "Net-(D6-Pad2)")
  (net 21 "Net-(D7-Pad2)")
  (net 22 "Net-(D8-Pad2)")
  (net 23 "Net-(J1-Pad1)")
  (net 24 "Net-(J2-Pad1)")
  (net 25 S1ba)
  (net 26 "Net-(R1-Pad1)")
  (net 27 "Net-(R2-Pad1)")
  (net 28 "Net-(R2-Pad2)")
  (net 29 "Net-(R6-Pad1)")
  (net 30 "Net-(R7-Pad1)")
  (net 31 "Net-(R8-Pad1)")
  (net 32 "Net-(R9-Pad1)")
  (net 33 "Net-(R10-Pad2)")
  (net 34 "Net-(R11-Pad1)")
  (net 35 "Net-(R12-Pad2)")
  (net 36 "Net-(R13-Pad1)")
  (net 37 "Net-(R16-Pad1)")
  (net 38 "Net-(R17-Pad2)")
  (net 39 "Net-(R18-Pad1)")
  (net 40 "Net-(R18-Pad2)")
  (net 41 "Net-(R20-Pad2)")
  (net 42 "Net-(R21-Pad2)")
  (net 43 S1aa)
  (net 44 S1ab)
  (net 45 "Net-(RV8-Pad3)")
  (net 46 S1d)
  (net 47 "Net-(RV9-Pad1)")
  (net 48 "Net-(RV9-Pad3)")
  (net 49 S1b)
  (net 50 "Net-(U1-Pad9)")
  (net 51 "Net-(U1-Pad10)")
  (net 52 S1a)
  (net 53 S1ca)
  (net 54 S1da)
  (net 55 S2)
  (net 56 "Net-(U3-Pad10)")
  (net 57 "Net-(U3-Pad11)")
  (net 58 "Net-(U3-Pad12)")
  (net 59 "Net-(U3-Pad13)")
  (net 60 S1c)
  (net 61 "Net-(U7-Pad8)")

  (net_class Default "Ceci est la Netclass par défaut."
    (clearance 0.2)
    (trace_width 0.25)
    (via_dia 1.5)
    (via_drill 0.8)
    (uvia_dia 0.3)
    (uvia_drill 0.1)
    (add_net "Net-(C1-Pad1)")
    (add_net "Net-(C1-Pad2)")
    (add_net "Net-(C10-Pad1)")
    (add_net "Net-(C10-Pad2)")
    (add_net "Net-(C2-Pad1)")
    (add_net "Net-(C20-Pad1)")
    (add_net "Net-(C20-Pad2)")
    (add_net "Net-(C4-Pad1)")
    (add_net "Net-(C5-Pad1)")
    (add_net "Net-(C9-Pad1)")
    (add_net "Net-(D5-Pad2)")
    (add_net "Net-(D6-Pad2)")
    (add_net "Net-(D7-Pad2)")
    (add_net "Net-(D8-Pad2)")
    (add_net "Net-(J1-Pad1)")
    (add_net "Net-(J2-Pad1)")
    (add_net "Net-(R1-Pad1)")
    (add_net "Net-(R10-Pad2)")
    (add_net "Net-(R11-Pad1)")
    (add_net "Net-(R12-Pad2)")
    (add_net "Net-(R13-Pad1)")
    (add_net "Net-(R16-Pad1)")
    (add_net "Net-(R17-Pad2)")
    (add_net "Net-(R18-Pad1)")
    (add_net "Net-(R18-Pad2)")
    (add_net "Net-(R2-Pad1)")
    (add_net "Net-(R2-Pad2)")
    (add_net "Net-(R20-Pad2)")
    (add_net "Net-(R21-Pad2)")
    (add_net "Net-(R6-Pad1)")
    (add_net "Net-(R7-Pad1)")
    (add_net "Net-(R8-Pad1)")
    (add_net "Net-(R9-Pad1)")
    (add_net "Net-(RV8-Pad3)")
    (add_net "Net-(RV9-Pad1)")
    (add_net "Net-(RV9-Pad3)")
    (add_net "Net-(U1-Pad10)")
    (add_net "Net-(U1-Pad9)")
    (add_net "Net-(U3-Pad10)")
    (add_net "Net-(U3-Pad11)")
    (add_net "Net-(U3-Pad12)")
    (add_net "Net-(U3-Pad13)")
    (add_net "Net-(U7-Pad8)")
  )

  (net_class Alimentation ""
    (clearance 0.2)
    (trace_width 0.5)
    (via_dia 1.5)
    (via_drill 0.8)
    (uvia_dia 0.3)
    (uvia_drill 0.1)
    (add_net CI)
    (add_net GND)
    (add_net demux)
    (add_net gbf1)
  )

  (net_class signal ""
    (clearance 0.2)
    (trace_width 0.25)
    (via_dia 1.5)
    (via_drill 0.8)
    (uvia_dia 0.3)
    (uvia_drill 0.1)
    (add_net S1a)
    (add_net S1aa)
    (add_net S1ab)
    (add_net S1b)
    (add_net S1ba)
    (add_net S1c)
    (add_net S1ca)
    (add_net S1d)
    (add_net S1da)
    (add_net S2)
    (add_net S2a)
    (add_net S2b)
    (add_net S2c)
    (add_net S2d)
  )

  (module Capacitor_SMD:C_0805_2012Metric_Pad1.15x1.40mm_HandSolder (layer B.Cu) (tedit 5B36C52B) (tstamp 5EA337E7)
    (at 130.875 120.76)
    (descr "Capacitor SMD 0805 (2012 Metric), square (rectangular) end terminal, IPC_7351 nominal with elongated pad for handsoldering. (Body size source: https://docs.google.com/spreadsheets/d/1BsfQQcO9C6DZCsRaXUlFlo91Tg2WpOkGARC1WS5S8t0/edit?usp=sharing), generated with kicad-footprint-generator")
    (tags "capacitor handsolder")
    (path /5E2E264B)
    (attr smd)
    (fp_text reference C2 (at 0 1.65) (layer B.SilkS)
      (effects (font (size 1 1) (thickness 0.15)) (justify mirror))
    )
    (fp_text value 10u (at 0 -1.65) (layer B.Fab)
      (effects (font (size 1 1) (thickness 0.15)) (justify mirror))
    )
    (fp_text user %R (at 0 0) (layer B.Fab)
      (effects (font (size 0.5 0.5) (thickness 0.08)) (justify mirror))
    )
    (fp_line (start 1.85 -0.95) (end -1.85 -0.95) (layer B.CrtYd) (width 0.05))
    (fp_line (start 1.85 0.95) (end 1.85 -0.95) (layer B.CrtYd) (width 0.05))
    (fp_line (start -1.85 0.95) (end 1.85 0.95) (layer B.CrtYd) (width 0.05))
    (fp_line (start -1.85 -0.95) (end -1.85 0.95) (layer B.CrtYd) (width 0.05))
    (fp_line (start -0.261252 -0.71) (end 0.261252 -0.71) (layer B.SilkS) (width 0.12))
    (fp_line (start -0.261252 0.71) (end 0.261252 0.71) (layer B.SilkS) (width 0.12))
    (fp_line (start 1 -0.6) (end -1 -0.6) (layer B.Fab) (width 0.1))
    (fp_line (start 1 0.6) (end 1 -0.6) (layer B.Fab) (width 0.1))
    (fp_line (start -1 0.6) (end 1 0.6) (layer B.Fab) (width 0.1))
    (fp_line (start -1 -0.6) (end -1 0.6) (layer B.Fab) (width 0.1))
    (pad 2 smd roundrect (at 1.025 0) (size 1.15 1.4) (layers B.Cu B.Paste B.Mask) (roundrect_rratio 0.217391)
      (net 4 GND))
    (pad 1 smd roundrect (at -1.025 0) (size 1.15 1.4) (layers B.Cu B.Paste B.Mask) (roundrect_rratio 0.217391)
      (net 3 "Net-(C2-Pad1)"))
    (model ${KISYS3DMOD}/Capacitor_SMD.3dshapes/C_0805_2012Metric.wrl
      (at (xyz 0 0 0))
      (scale (xyz 1 1 1))
      (rotate (xyz 0 0 0))
    )
  )

  (module Resistor_SMD:R_0805_2012Metric_Pad1.15x1.40mm_HandSolder (layer B.Cu) (tedit 5B36C52B) (tstamp 5EA33CAD)
    (at 108.9 153.605 90)
    (descr "Resistor SMD 0805 (2012 Metric), square (rectangular) end terminal, IPC_7351 nominal with elongated pad for handsoldering. (Body size source: https://docs.google.com/spreadsheets/d/1BsfQQcO9C6DZCsRaXUlFlo91Tg2WpOkGARC1WS5S8t0/edit?usp=sharing), generated with kicad-footprint-generator")
    (tags "resistor handsolder")
    (path /5E9C50F9/5EA60413)
    (attr smd)
    (fp_text reference R21 (at 0 1.65 90) (layer B.SilkS)
      (effects (font (size 1 1) (thickness 0.15)) (justify mirror))
    )
    (fp_text value 10k (at 0 -1.65 90) (layer B.Fab)
      (effects (font (size 1 1) (thickness 0.15)) (justify mirror))
    )
    (fp_line (start -1 -0.6) (end -1 0.6) (layer B.Fab) (width 0.1))
    (fp_line (start -1 0.6) (end 1 0.6) (layer B.Fab) (width 0.1))
    (fp_line (start 1 0.6) (end 1 -0.6) (layer B.Fab) (width 0.1))
    (fp_line (start 1 -0.6) (end -1 -0.6) (layer B.Fab) (width 0.1))
    (fp_line (start -0.261252 0.71) (end 0.261252 0.71) (layer B.SilkS) (width 0.12))
    (fp_line (start -0.261252 -0.71) (end 0.261252 -0.71) (layer B.SilkS) (width 0.12))
    (fp_line (start -1.85 -0.95) (end -1.85 0.95) (layer B.CrtYd) (width 0.05))
    (fp_line (start -1.85 0.95) (end 1.85 0.95) (layer B.CrtYd) (width 0.05))
    (fp_line (start 1.85 0.95) (end 1.85 -0.95) (layer B.CrtYd) (width 0.05))
    (fp_line (start 1.85 -0.95) (end -1.85 -0.95) (layer B.CrtYd) (width 0.05))
    (fp_text user %R (at 0 0 90) (layer B.Fab)
      (effects (font (size 0.5 0.5) (thickness 0.08)) (justify mirror))
    )
    (pad 1 smd roundrect (at -1.025 0 90) (size 1.15 1.4) (layers B.Cu B.Paste B.Mask) (roundrect_rratio 0.217391)
      (net 4 GND))
    (pad 2 smd roundrect (at 1.025 0 90) (size 1.15 1.4) (layers B.Cu B.Paste B.Mask) (roundrect_rratio 0.217391)
      (net 42 "Net-(R21-Pad2)"))
    (model ${KISYS3DMOD}/Resistor_SMD.3dshapes/R_0805_2012Metric.wrl
      (at (xyz 0 0 0))
      (scale (xyz 1 1 1))
      (rotate (xyz 0 0 0))
    )
  )

  (module Connector_JST:JST_NV_B02P-NV_1x02_P5.00mm_Vertical (layer F.Cu) (tedit 5A0E4143) (tstamp 5EA33D3B)
    (at 117.66 146.44)
    (descr "JST NV series connector, B02P-NV (http://www.jst-mfg.com/product/pdf/eng/eNV.pdf), generated with kicad-footprint-generator")
    (tags "connector JST NV side entry")
    (path /5E9C50F9/5E9CF950)
    (fp_text reference SW1 (at 2.5 -4.9) (layer F.SilkS)
      (effects (font (size 1 1) (thickness 0.15)))
    )
    (fp_text value SW_DIP_x01 (at 2.5 6) (layer F.Fab)
      (effects (font (size 1 1) (thickness 0.15)))
    )
    (fp_text user %R (at 2.5 4.1) (layer F.Fab)
      (effects (font (size 1 1) (thickness 0.15)))
    )
    (fp_line (start -3.41 -0.3) (end -2.81 0) (layer F.SilkS) (width 0.12))
    (fp_line (start -3.41 0.3) (end -3.41 -0.3) (layer F.SilkS) (width 0.12))
    (fp_line (start -2.81 0) (end -3.41 0.3) (layer F.SilkS) (width 0.12))
    (fp_line (start 7.61 -3.81) (end -2.61 -3.81) (layer F.SilkS) (width 0.12))
    (fp_line (start 7.61 4.91) (end 7.61 -3.81) (layer F.SilkS) (width 0.12))
    (fp_line (start -2.61 4.91) (end 7.61 4.91) (layer F.SilkS) (width 0.12))
    (fp_line (start -2.61 -3.81) (end -2.61 4.91) (layer F.SilkS) (width 0.12))
    (fp_line (start 8 -4.2) (end -3 -4.2) (layer F.CrtYd) (width 0.05))
    (fp_line (start 8 5.3) (end 8 -4.2) (layer F.CrtYd) (width 0.05))
    (fp_line (start -3 5.3) (end 8 5.3) (layer F.CrtYd) (width 0.05))
    (fp_line (start -3 -4.2) (end -3 5.3) (layer F.CrtYd) (width 0.05))
    (fp_line (start -2.5 1) (end -1.5 0) (layer F.Fab) (width 0.1))
    (fp_line (start -2.5 -1) (end -1.5 0) (layer F.Fab) (width 0.1))
    (fp_line (start -2.5 -2) (end 7.5 -2) (layer F.Fab) (width 0.1))
    (fp_line (start 7.5 -3.7) (end -2.5 -3.7) (layer F.Fab) (width 0.1))
    (fp_line (start 7.5 4.8) (end 7.5 -3.7) (layer F.Fab) (width 0.1))
    (fp_line (start -2.5 4.8) (end 7.5 4.8) (layer F.Fab) (width 0.1))
    (fp_line (start -2.5 -3.7) (end -2.5 4.8) (layer F.Fab) (width 0.1))
    (pad 2 thru_hole circle (at 5 0) (size 2.7 2.7) (drill 1.7) (layers *.Cu *.Mask)
      (net 33 "Net-(R10-Pad2)"))
    (pad 1 thru_hole rect (at 0 0) (size 2.7 2.7) (drill 1.7) (layers *.Cu *.Mask)
      (net 4 GND))
    (model ${KISYS3DMOD}/Connector_JST.3dshapes/JST_NV_B02P-NV_1x02_P5.00mm_Vertical.wrl
      (at (xyz 0 0 0))
      (scale (xyz 1 1 1))
      (rotate (xyz 0 0 0))
    )
  )

  (module Connector_JST:JST_NV_B02P-NV_1x02_P5.00mm_Vertical (layer F.Cu) (tedit 5A0E4143) (tstamp 5EA33AD8)
    (at 74.91 125.93 270)
    (descr "JST NV series connector, B02P-NV (http://www.jst-mfg.com/product/pdf/eng/eNV.pdf), generated with kicad-footprint-generator")
    (tags "connector JST NV side entry")
    (path /5E71913C)
    (fp_text reference J1 (at 2.5 -4.9 270) (layer F.SilkS)
      (effects (font (size 1 1) (thickness 0.15)))
    )
    (fp_text value Conn_Coaxial (at 2.5 6 270) (layer F.Fab)
      (effects (font (size 1 1) (thickness 0.15)))
    )
    (fp_text user %R (at 2.5 4.1 270) (layer F.Fab)
      (effects (font (size 1 1) (thickness 0.15)))
    )
    (fp_line (start -3.41 -0.3) (end -2.81 0) (layer F.SilkS) (width 0.12))
    (fp_line (start -3.41 0.3) (end -3.41 -0.3) (layer F.SilkS) (width 0.12))
    (fp_line (start -2.81 0) (end -3.41 0.3) (layer F.SilkS) (width 0.12))
    (fp_line (start 7.61 -3.81) (end -2.61 -3.81) (layer F.SilkS) (width 0.12))
    (fp_line (start 7.61 4.91) (end 7.61 -3.81) (layer F.SilkS) (width 0.12))
    (fp_line (start -2.61 4.91) (end 7.61 4.91) (layer F.SilkS) (width 0.12))
    (fp_line (start -2.61 -3.81) (end -2.61 4.91) (layer F.SilkS) (width 0.12))
    (fp_line (start 8 -4.2) (end -3 -4.2) (layer F.CrtYd) (width 0.05))
    (fp_line (start 8 5.3) (end 8 -4.2) (layer F.CrtYd) (width 0.05))
    (fp_line (start -3 5.3) (end 8 5.3) (layer F.CrtYd) (width 0.05))
    (fp_line (start -3 -4.2) (end -3 5.3) (layer F.CrtYd) (width 0.05))
    (fp_line (start -2.5 1) (end -1.5 0) (layer F.Fab) (width 0.1))
    (fp_line (start -2.5 -1) (end -1.5 0) (layer F.Fab) (width 0.1))
    (fp_line (start -2.5 -2) (end 7.5 -2) (layer F.Fab) (width 0.1))
    (fp_line (start 7.5 -3.7) (end -2.5 -3.7) (layer F.Fab) (width 0.1))
    (fp_line (start 7.5 4.8) (end 7.5 -3.7) (layer F.Fab) (width 0.1))
    (fp_line (start -2.5 4.8) (end 7.5 4.8) (layer F.Fab) (width 0.1))
    (fp_line (start -2.5 -3.7) (end -2.5 4.8) (layer F.Fab) (width 0.1))
    (pad 2 thru_hole circle (at 5 0 270) (size 2.7 2.7) (drill 1.7) (layers *.Cu *.Mask)
      (net 4 GND))
    (pad 1 thru_hole rect (at 0 0 270) (size 2.7 2.7) (drill 1.7) (layers *.Cu *.Mask)
      (net 23 "Net-(J1-Pad1)"))
    (model ${KISYS3DMOD}/Connector_JST.3dshapes/JST_NV_B02P-NV_1x02_P5.00mm_Vertical.wrl
      (at (xyz 0 0 0))
      (scale (xyz 1 1 1))
      (rotate (xyz 0 0 0))
    )
  )

  (module Capacitor_SMD:C_0805_2012Metric_Pad1.15x1.40mm_HandSolder (layer B.Cu) (tedit 5B36C52B) (tstamp 5EA337D6)
    (at 114.88 96.915 90)
    (descr "Capacitor SMD 0805 (2012 Metric), square (rectangular) end terminal, IPC_7351 nominal with elongated pad for handsoldering. (Body size source: https://docs.google.com/spreadsheets/d/1BsfQQcO9C6DZCsRaXUlFlo91Tg2WpOkGARC1WS5S8t0/edit?usp=sharing), generated with kicad-footprint-generator")
    (tags "capacitor handsolder")
    (path /5EA87FAF)
    (attr smd)
    (fp_text reference C1 (at 0 1.65 90) (layer B.SilkS)
      (effects (font (size 1 1) (thickness 0.15)) (justify mirror))
    )
    (fp_text value 1u (at 0 -1.65 90) (layer B.Fab)
      (effects (font (size 1 1) (thickness 0.15)) (justify mirror))
    )
    (fp_text user %R (at 0 0 90) (layer B.Fab)
      (effects (font (size 0.5 0.5) (thickness 0.08)) (justify mirror))
    )
    (fp_line (start 1.85 -0.95) (end -1.85 -0.95) (layer B.CrtYd) (width 0.05))
    (fp_line (start 1.85 0.95) (end 1.85 -0.95) (layer B.CrtYd) (width 0.05))
    (fp_line (start -1.85 0.95) (end 1.85 0.95) (layer B.CrtYd) (width 0.05))
    (fp_line (start -1.85 -0.95) (end -1.85 0.95) (layer B.CrtYd) (width 0.05))
    (fp_line (start -0.261252 -0.71) (end 0.261252 -0.71) (layer B.SilkS) (width 0.12))
    (fp_line (start -0.261252 0.71) (end 0.261252 0.71) (layer B.SilkS) (width 0.12))
    (fp_line (start 1 -0.6) (end -1 -0.6) (layer B.Fab) (width 0.1))
    (fp_line (start 1 0.6) (end 1 -0.6) (layer B.Fab) (width 0.1))
    (fp_line (start -1 0.6) (end 1 0.6) (layer B.Fab) (width 0.1))
    (fp_line (start -1 -0.6) (end -1 0.6) (layer B.Fab) (width 0.1))
    (pad 2 smd roundrect (at 1.025 0 90) (size 1.15 1.4) (layers B.Cu B.Paste B.Mask) (roundrect_rratio 0.217391)
      (net 1 "Net-(C1-Pad2)"))
    (pad 1 smd roundrect (at -1.025 0 90) (size 1.15 1.4) (layers B.Cu B.Paste B.Mask) (roundrect_rratio 0.217391)
      (net 2 "Net-(C1-Pad1)"))
    (model ${KISYS3DMOD}/Capacitor_SMD.3dshapes/C_0805_2012Metric.wrl
      (at (xyz 0 0 0))
      (scale (xyz 1 1 1))
      (rotate (xyz 0 0 0))
    )
  )

  (module Capacitor_SMD:C_0805_2012Metric_Pad1.15x1.40mm_HandSolder (layer B.Cu) (tedit 5B36C52B) (tstamp 5EA337F8)
    (at 110.99 96.945 90)
    (descr "Capacitor SMD 0805 (2012 Metric), square (rectangular) end terminal, IPC_7351 nominal with elongated pad for handsoldering. (Body size source: https://docs.google.com/spreadsheets/d/1BsfQQcO9C6DZCsRaXUlFlo91Tg2WpOkGARC1WS5S8t0/edit?usp=sharing), generated with kicad-footprint-generator")
    (tags "capacitor handsolder")
    (path /5EA88072)
    (attr smd)
    (fp_text reference C3 (at 0 1.65 90) (layer B.SilkS)
      (effects (font (size 1 1) (thickness 0.15)) (justify mirror))
    )
    (fp_text value 1u (at 0 -1.65 90) (layer B.Fab)
      (effects (font (size 1 1) (thickness 0.15)) (justify mirror))
    )
    (fp_text user %R (at 0 0 90) (layer B.Fab)
      (effects (font (size 0.5 0.5) (thickness 0.08)) (justify mirror))
    )
    (fp_line (start 1.85 -0.95) (end -1.85 -0.95) (layer B.CrtYd) (width 0.05))
    (fp_line (start 1.85 0.95) (end 1.85 -0.95) (layer B.CrtYd) (width 0.05))
    (fp_line (start -1.85 0.95) (end 1.85 0.95) (layer B.CrtYd) (width 0.05))
    (fp_line (start -1.85 -0.95) (end -1.85 0.95) (layer B.CrtYd) (width 0.05))
    (fp_line (start -0.261252 -0.71) (end 0.261252 -0.71) (layer B.SilkS) (width 0.12))
    (fp_line (start -0.261252 0.71) (end 0.261252 0.71) (layer B.SilkS) (width 0.12))
    (fp_line (start 1 -0.6) (end -1 -0.6) (layer B.Fab) (width 0.1))
    (fp_line (start 1 0.6) (end 1 -0.6) (layer B.Fab) (width 0.1))
    (fp_line (start -1 0.6) (end 1 0.6) (layer B.Fab) (width 0.1))
    (fp_line (start -1 -0.6) (end -1 0.6) (layer B.Fab) (width 0.1))
    (pad 2 smd roundrect (at 1.025 0 90) (size 1.15 1.4) (layers B.Cu B.Paste B.Mask) (roundrect_rratio 0.217391)
      (net 1 "Net-(C1-Pad2)"))
    (pad 1 smd roundrect (at -1.025 0 90) (size 1.15 1.4) (layers B.Cu B.Paste B.Mask) (roundrect_rratio 0.217391)
      (net 2 "Net-(C1-Pad1)"))
    (model ${KISYS3DMOD}/Capacitor_SMD.3dshapes/C_0805_2012Metric.wrl
      (at (xyz 0 0 0))
      (scale (xyz 1 1 1))
      (rotate (xyz 0 0 0))
    )
  )

  (module "Empreintes:2.2uF B(Size) Electrolytic" (layer B.Cu) (tedit 5E9F1D43) (tstamp 5EA337FF)
    (at 119.96 114.74 90)
    (path /5E3259CD)
    (fp_text reference C4 (at 2.89 8.03 90) (layer B.SilkS)
      (effects (font (size 1 1) (thickness 0.15)) (justify mirror))
    )
    (fp_text value 2.2u (at 3.23 11.86 90) (layer B.Fab)
      (effects (font (size 1 1) (thickness 0.15)) (justify mirror))
    )
    (fp_circle (center 0 2) (end 2 2) (layer B.SilkS) (width 0.15))
    (pad 1 smd rect (at 0 0 90) (size 2 3) (layers B.Cu B.Paste B.Mask)
      (net 5 "Net-(C4-Pad1)"))
    (pad 2 smd rect (at 0 4 90) (size 2 3) (layers B.Cu B.Paste B.Mask)
      (net 4 GND))
  )

  (module Capacitor_SMD:C_0805_2012Metric_Pad1.15x1.40mm_HandSolder (layer B.Cu) (tedit 5B36C52B) (tstamp 5EA33810)
    (at 79.03 130.53)
    (descr "Capacitor SMD 0805 (2012 Metric), square (rectangular) end terminal, IPC_7351 nominal with elongated pad for handsoldering. (Body size source: https://docs.google.com/spreadsheets/d/1BsfQQcO9C6DZCsRaXUlFlo91Tg2WpOkGARC1WS5S8t0/edit?usp=sharing), generated with kicad-footprint-generator")
    (tags "capacitor handsolder")
    (path /5E3104D2)
    (attr smd)
    (fp_text reference C5 (at 0 1.65) (layer B.SilkS)
      (effects (font (size 1 1) (thickness 0.15)) (justify mirror))
    )
    (fp_text value 1n (at 0 -1.65) (layer B.Fab)
      (effects (font (size 1 1) (thickness 0.15)) (justify mirror))
    )
    (fp_text user %R (at 0 0) (layer B.Fab)
      (effects (font (size 0.5 0.5) (thickness 0.08)) (justify mirror))
    )
    (fp_line (start 1.85 -0.95) (end -1.85 -0.95) (layer B.CrtYd) (width 0.05))
    (fp_line (start 1.85 0.95) (end 1.85 -0.95) (layer B.CrtYd) (width 0.05))
    (fp_line (start -1.85 0.95) (end 1.85 0.95) (layer B.CrtYd) (width 0.05))
    (fp_line (start -1.85 -0.95) (end -1.85 0.95) (layer B.CrtYd) (width 0.05))
    (fp_line (start -0.261252 -0.71) (end 0.261252 -0.71) (layer B.SilkS) (width 0.12))
    (fp_line (start -0.261252 0.71) (end 0.261252 0.71) (layer B.SilkS) (width 0.12))
    (fp_line (start 1 -0.6) (end -1 -0.6) (layer B.Fab) (width 0.1))
    (fp_line (start 1 0.6) (end 1 -0.6) (layer B.Fab) (width 0.1))
    (fp_line (start -1 0.6) (end 1 0.6) (layer B.Fab) (width 0.1))
    (fp_line (start -1 -0.6) (end -1 0.6) (layer B.Fab) (width 0.1))
    (pad 2 smd roundrect (at 1.025 0) (size 1.15 1.4) (layers B.Cu B.Paste B.Mask) (roundrect_rratio 0.217391)
      (net 7 S2a))
    (pad 1 smd roundrect (at -1.025 0) (size 1.15 1.4) (layers B.Cu B.Paste B.Mask) (roundrect_rratio 0.217391)
      (net 6 "Net-(C5-Pad1)"))
    (model ${KISYS3DMOD}/Capacitor_SMD.3dshapes/C_0805_2012Metric.wrl
      (at (xyz 0 0 0))
      (scale (xyz 1 1 1))
      (rotate (xyz 0 0 0))
    )
  )

  (module Capacitor_SMD:C_0805_2012Metric_Pad1.15x1.40mm_HandSolder (layer B.Cu) (tedit 5B36C52B) (tstamp 5EA33821)
    (at 78.86 127.9)
    (descr "Capacitor SMD 0805 (2012 Metric), square (rectangular) end terminal, IPC_7351 nominal with elongated pad for handsoldering. (Body size source: https://docs.google.com/spreadsheets/d/1BsfQQcO9C6DZCsRaXUlFlo91Tg2WpOkGARC1WS5S8t0/edit?usp=sharing), generated with kicad-footprint-generator")
    (tags "capacitor handsolder")
    (path /5E310560)
    (attr smd)
    (fp_text reference C6 (at 0 1.65) (layer B.SilkS)
      (effects (font (size 1 1) (thickness 0.15)) (justify mirror))
    )
    (fp_text value 100n (at 0 -1.65) (layer B.Fab)
      (effects (font (size 1 1) (thickness 0.15)) (justify mirror))
    )
    (fp_line (start -1 -0.6) (end -1 0.6) (layer B.Fab) (width 0.1))
    (fp_line (start -1 0.6) (end 1 0.6) (layer B.Fab) (width 0.1))
    (fp_line (start 1 0.6) (end 1 -0.6) (layer B.Fab) (width 0.1))
    (fp_line (start 1 -0.6) (end -1 -0.6) (layer B.Fab) (width 0.1))
    (fp_line (start -0.261252 0.71) (end 0.261252 0.71) (layer B.SilkS) (width 0.12))
    (fp_line (start -0.261252 -0.71) (end 0.261252 -0.71) (layer B.SilkS) (width 0.12))
    (fp_line (start -1.85 -0.95) (end -1.85 0.95) (layer B.CrtYd) (width 0.05))
    (fp_line (start -1.85 0.95) (end 1.85 0.95) (layer B.CrtYd) (width 0.05))
    (fp_line (start 1.85 0.95) (end 1.85 -0.95) (layer B.CrtYd) (width 0.05))
    (fp_line (start 1.85 -0.95) (end -1.85 -0.95) (layer B.CrtYd) (width 0.05))
    (fp_text user %R (at 0 0) (layer B.Fab)
      (effects (font (size 0.5 0.5) (thickness 0.08)) (justify mirror))
    )
    (pad 1 smd roundrect (at -1.025 0) (size 1.15 1.4) (layers B.Cu B.Paste B.Mask) (roundrect_rratio 0.217391)
      (net 6 "Net-(C5-Pad1)"))
    (pad 2 smd roundrect (at 1.025 0) (size 1.15 1.4) (layers B.Cu B.Paste B.Mask) (roundrect_rratio 0.217391)
      (net 8 S2b))
    (model ${KISYS3DMOD}/Capacitor_SMD.3dshapes/C_0805_2012Metric.wrl
      (at (xyz 0 0 0))
      (scale (xyz 1 1 1))
      (rotate (xyz 0 0 0))
    )
  )

  (module Capacitor_SMD:C_0805_2012Metric_Pad1.15x1.40mm_HandSolder (layer B.Cu) (tedit 5B36C52B) (tstamp 5EA33832)
    (at 78.87 125.99)
    (descr "Capacitor SMD 0805 (2012 Metric), square (rectangular) end terminal, IPC_7351 nominal with elongated pad for handsoldering. (Body size source: https://docs.google.com/spreadsheets/d/1BsfQQcO9C6DZCsRaXUlFlo91Tg2WpOkGARC1WS5S8t0/edit?usp=sharing), generated with kicad-footprint-generator")
    (tags "capacitor handsolder")
    (path /5E3105F0)
    (attr smd)
    (fp_text reference C7 (at 0 1.65) (layer B.SilkS)
      (effects (font (size 1 1) (thickness 0.15)) (justify mirror))
    )
    (fp_text value 10n (at 0 -1.65) (layer B.Fab)
      (effects (font (size 1 1) (thickness 0.15)) (justify mirror))
    )
    (fp_line (start -1 -0.6) (end -1 0.6) (layer B.Fab) (width 0.1))
    (fp_line (start -1 0.6) (end 1 0.6) (layer B.Fab) (width 0.1))
    (fp_line (start 1 0.6) (end 1 -0.6) (layer B.Fab) (width 0.1))
    (fp_line (start 1 -0.6) (end -1 -0.6) (layer B.Fab) (width 0.1))
    (fp_line (start -0.261252 0.71) (end 0.261252 0.71) (layer B.SilkS) (width 0.12))
    (fp_line (start -0.261252 -0.71) (end 0.261252 -0.71) (layer B.SilkS) (width 0.12))
    (fp_line (start -1.85 -0.95) (end -1.85 0.95) (layer B.CrtYd) (width 0.05))
    (fp_line (start -1.85 0.95) (end 1.85 0.95) (layer B.CrtYd) (width 0.05))
    (fp_line (start 1.85 0.95) (end 1.85 -0.95) (layer B.CrtYd) (width 0.05))
    (fp_line (start 1.85 -0.95) (end -1.85 -0.95) (layer B.CrtYd) (width 0.05))
    (fp_text user %R (at 0 0) (layer B.Fab)
      (effects (font (size 0.5 0.5) (thickness 0.08)) (justify mirror))
    )
    (pad 1 smd roundrect (at -1.025 0) (size 1.15 1.4) (layers B.Cu B.Paste B.Mask) (roundrect_rratio 0.217391)
      (net 6 "Net-(C5-Pad1)"))
    (pad 2 smd roundrect (at 1.025 0) (size 1.15 1.4) (layers B.Cu B.Paste B.Mask) (roundrect_rratio 0.217391)
      (net 9 S2c))
    (model ${KISYS3DMOD}/Capacitor_SMD.3dshapes/C_0805_2012Metric.wrl
      (at (xyz 0 0 0))
      (scale (xyz 1 1 1))
      (rotate (xyz 0 0 0))
    )
  )

  (module Capacitor_SMD:C_0805_2012Metric_Pad1.15x1.40mm_HandSolder (layer B.Cu) (tedit 5B36C52B) (tstamp 5EA33843)
    (at 79.025 132.57)
    (descr "Capacitor SMD 0805 (2012 Metric), square (rectangular) end terminal, IPC_7351 nominal with elongated pad for handsoldering. (Body size source: https://docs.google.com/spreadsheets/d/1BsfQQcO9C6DZCsRaXUlFlo91Tg2WpOkGARC1WS5S8t0/edit?usp=sharing), generated with kicad-footprint-generator")
    (tags "capacitor handsolder")
    (path /5E310678)
    (attr smd)
    (fp_text reference C8 (at 0 1.65) (layer B.SilkS)
      (effects (font (size 1 1) (thickness 0.15)) (justify mirror))
    )
    (fp_text value 1u (at 0 -1.65) (layer B.Fab)
      (effects (font (size 1 1) (thickness 0.15)) (justify mirror))
    )
    (fp_line (start -1 -0.6) (end -1 0.6) (layer B.Fab) (width 0.1))
    (fp_line (start -1 0.6) (end 1 0.6) (layer B.Fab) (width 0.1))
    (fp_line (start 1 0.6) (end 1 -0.6) (layer B.Fab) (width 0.1))
    (fp_line (start 1 -0.6) (end -1 -0.6) (layer B.Fab) (width 0.1))
    (fp_line (start -0.261252 0.71) (end 0.261252 0.71) (layer B.SilkS) (width 0.12))
    (fp_line (start -0.261252 -0.71) (end 0.261252 -0.71) (layer B.SilkS) (width 0.12))
    (fp_line (start -1.85 -0.95) (end -1.85 0.95) (layer B.CrtYd) (width 0.05))
    (fp_line (start -1.85 0.95) (end 1.85 0.95) (layer B.CrtYd) (width 0.05))
    (fp_line (start 1.85 0.95) (end 1.85 -0.95) (layer B.CrtYd) (width 0.05))
    (fp_line (start 1.85 -0.95) (end -1.85 -0.95) (layer B.CrtYd) (width 0.05))
    (fp_text user %R (at 0 0) (layer B.Fab)
      (effects (font (size 0.5 0.5) (thickness 0.08)) (justify mirror))
    )
    (pad 1 smd roundrect (at -1.025 0) (size 1.15 1.4) (layers B.Cu B.Paste B.Mask) (roundrect_rratio 0.217391)
      (net 6 "Net-(C5-Pad1)"))
    (pad 2 smd roundrect (at 1.025 0) (size 1.15 1.4) (layers B.Cu B.Paste B.Mask) (roundrect_rratio 0.217391)
      (net 10 S2d))
    (model ${KISYS3DMOD}/Capacitor_SMD.3dshapes/C_0805_2012Metric.wrl
      (at (xyz 0 0 0))
      (scale (xyz 1 1 1))
      (rotate (xyz 0 0 0))
    )
  )

  (module Capacitor_THT:CP_Radial_D5.0mm_P2.00mm (layer F.Cu) (tedit 5AE50EF0) (tstamp 5EA338C6)
    (at 97.97 101.27 180)
    (descr "CP, Radial series, Radial, pin pitch=2.00mm, , diameter=5mm, Electrolytic Capacitor")
    (tags "CP Radial series Radial pin pitch 2.00mm  diameter 5mm Electrolytic Capacitor")
    (path /5E380DD2)
    (fp_text reference C9 (at 1 -3.75 180) (layer F.SilkS)
      (effects (font (size 1 1) (thickness 0.15)))
    )
    (fp_text value 10u (at 1 3.75 180) (layer F.Fab)
      (effects (font (size 1 1) (thickness 0.15)))
    )
    (fp_circle (center 1 0) (end 3.5 0) (layer F.Fab) (width 0.1))
    (fp_circle (center 1 0) (end 3.62 0) (layer F.SilkS) (width 0.12))
    (fp_circle (center 1 0) (end 3.75 0) (layer F.CrtYd) (width 0.05))
    (fp_line (start -1.133605 -1.0875) (end -0.633605 -1.0875) (layer F.Fab) (width 0.1))
    (fp_line (start -0.883605 -1.3375) (end -0.883605 -0.8375) (layer F.Fab) (width 0.1))
    (fp_line (start 1 1.04) (end 1 2.58) (layer F.SilkS) (width 0.12))
    (fp_line (start 1 -2.58) (end 1 -1.04) (layer F.SilkS) (width 0.12))
    (fp_line (start 1.04 1.04) (end 1.04 2.58) (layer F.SilkS) (width 0.12))
    (fp_line (start 1.04 -2.58) (end 1.04 -1.04) (layer F.SilkS) (width 0.12))
    (fp_line (start 1.08 -2.579) (end 1.08 -1.04) (layer F.SilkS) (width 0.12))
    (fp_line (start 1.08 1.04) (end 1.08 2.579) (layer F.SilkS) (width 0.12))
    (fp_line (start 1.12 -2.578) (end 1.12 -1.04) (layer F.SilkS) (width 0.12))
    (fp_line (start 1.12 1.04) (end 1.12 2.578) (layer F.SilkS) (width 0.12))
    (fp_line (start 1.16 -2.576) (end 1.16 -1.04) (layer F.SilkS) (width 0.12))
    (fp_line (start 1.16 1.04) (end 1.16 2.576) (layer F.SilkS) (width 0.12))
    (fp_line (start 1.2 -2.573) (end 1.2 -1.04) (layer F.SilkS) (width 0.12))
    (fp_line (start 1.2 1.04) (end 1.2 2.573) (layer F.SilkS) (width 0.12))
    (fp_line (start 1.24 -2.569) (end 1.24 -1.04) (layer F.SilkS) (width 0.12))
    (fp_line (start 1.24 1.04) (end 1.24 2.569) (layer F.SilkS) (width 0.12))
    (fp_line (start 1.28 -2.565) (end 1.28 -1.04) (layer F.SilkS) (width 0.12))
    (fp_line (start 1.28 1.04) (end 1.28 2.565) (layer F.SilkS) (width 0.12))
    (fp_line (start 1.32 -2.561) (end 1.32 -1.04) (layer F.SilkS) (width 0.12))
    (fp_line (start 1.32 1.04) (end 1.32 2.561) (layer F.SilkS) (width 0.12))
    (fp_line (start 1.36 -2.556) (end 1.36 -1.04) (layer F.SilkS) (width 0.12))
    (fp_line (start 1.36 1.04) (end 1.36 2.556) (layer F.SilkS) (width 0.12))
    (fp_line (start 1.4 -2.55) (end 1.4 -1.04) (layer F.SilkS) (width 0.12))
    (fp_line (start 1.4 1.04) (end 1.4 2.55) (layer F.SilkS) (width 0.12))
    (fp_line (start 1.44 -2.543) (end 1.44 -1.04) (layer F.SilkS) (width 0.12))
    (fp_line (start 1.44 1.04) (end 1.44 2.543) (layer F.SilkS) (width 0.12))
    (fp_line (start 1.48 -2.536) (end 1.48 -1.04) (layer F.SilkS) (width 0.12))
    (fp_line (start 1.48 1.04) (end 1.48 2.536) (layer F.SilkS) (width 0.12))
    (fp_line (start 1.52 -2.528) (end 1.52 -1.04) (layer F.SilkS) (width 0.12))
    (fp_line (start 1.52 1.04) (end 1.52 2.528) (layer F.SilkS) (width 0.12))
    (fp_line (start 1.56 -2.52) (end 1.56 -1.04) (layer F.SilkS) (width 0.12))
    (fp_line (start 1.56 1.04) (end 1.56 2.52) (layer F.SilkS) (width 0.12))
    (fp_line (start 1.6 -2.511) (end 1.6 -1.04) (layer F.SilkS) (width 0.12))
    (fp_line (start 1.6 1.04) (end 1.6 2.511) (layer F.SilkS) (width 0.12))
    (fp_line (start 1.64 -2.501) (end 1.64 -1.04) (layer F.SilkS) (width 0.12))
    (fp_line (start 1.64 1.04) (end 1.64 2.501) (layer F.SilkS) (width 0.12))
    (fp_line (start 1.68 -2.491) (end 1.68 -1.04) (layer F.SilkS) (width 0.12))
    (fp_line (start 1.68 1.04) (end 1.68 2.491) (layer F.SilkS) (width 0.12))
    (fp_line (start 1.721 -2.48) (end 1.721 -1.04) (layer F.SilkS) (width 0.12))
    (fp_line (start 1.721 1.04) (end 1.721 2.48) (layer F.SilkS) (width 0.12))
    (fp_line (start 1.761 -2.468) (end 1.761 -1.04) (layer F.SilkS) (width 0.12))
    (fp_line (start 1.761 1.04) (end 1.761 2.468) (layer F.SilkS) (width 0.12))
    (fp_line (start 1.801 -2.455) (end 1.801 -1.04) (layer F.SilkS) (width 0.12))
    (fp_line (start 1.801 1.04) (end 1.801 2.455) (layer F.SilkS) (width 0.12))
    (fp_line (start 1.841 -2.442) (end 1.841 -1.04) (layer F.SilkS) (width 0.12))
    (fp_line (start 1.841 1.04) (end 1.841 2.442) (layer F.SilkS) (width 0.12))
    (fp_line (start 1.881 -2.428) (end 1.881 -1.04) (layer F.SilkS) (width 0.12))
    (fp_line (start 1.881 1.04) (end 1.881 2.428) (layer F.SilkS) (width 0.12))
    (fp_line (start 1.921 -2.414) (end 1.921 -1.04) (layer F.SilkS) (width 0.12))
    (fp_line (start 1.921 1.04) (end 1.921 2.414) (layer F.SilkS) (width 0.12))
    (fp_line (start 1.961 -2.398) (end 1.961 -1.04) (layer F.SilkS) (width 0.12))
    (fp_line (start 1.961 1.04) (end 1.961 2.398) (layer F.SilkS) (width 0.12))
    (fp_line (start 2.001 -2.382) (end 2.001 -1.04) (layer F.SilkS) (width 0.12))
    (fp_line (start 2.001 1.04) (end 2.001 2.382) (layer F.SilkS) (width 0.12))
    (fp_line (start 2.041 -2.365) (end 2.041 -1.04) (layer F.SilkS) (width 0.12))
    (fp_line (start 2.041 1.04) (end 2.041 2.365) (layer F.SilkS) (width 0.12))
    (fp_line (start 2.081 -2.348) (end 2.081 -1.04) (layer F.SilkS) (width 0.12))
    (fp_line (start 2.081 1.04) (end 2.081 2.348) (layer F.SilkS) (width 0.12))
    (fp_line (start 2.121 -2.329) (end 2.121 -1.04) (layer F.SilkS) (width 0.12))
    (fp_line (start 2.121 1.04) (end 2.121 2.329) (layer F.SilkS) (width 0.12))
    (fp_line (start 2.161 -2.31) (end 2.161 -1.04) (layer F.SilkS) (width 0.12))
    (fp_line (start 2.161 1.04) (end 2.161 2.31) (layer F.SilkS) (width 0.12))
    (fp_line (start 2.201 -2.29) (end 2.201 -1.04) (layer F.SilkS) (width 0.12))
    (fp_line (start 2.201 1.04) (end 2.201 2.29) (layer F.SilkS) (width 0.12))
    (fp_line (start 2.241 -2.268) (end 2.241 -1.04) (layer F.SilkS) (width 0.12))
    (fp_line (start 2.241 1.04) (end 2.241 2.268) (layer F.SilkS) (width 0.12))
    (fp_line (start 2.281 -2.247) (end 2.281 -1.04) (layer F.SilkS) (width 0.12))
    (fp_line (start 2.281 1.04) (end 2.281 2.247) (layer F.SilkS) (width 0.12))
    (fp_line (start 2.321 -2.224) (end 2.321 -1.04) (layer F.SilkS) (width 0.12))
    (fp_line (start 2.321 1.04) (end 2.321 2.224) (layer F.SilkS) (width 0.12))
    (fp_line (start 2.361 -2.2) (end 2.361 -1.04) (layer F.SilkS) (width 0.12))
    (fp_line (start 2.361 1.04) (end 2.361 2.2) (layer F.SilkS) (width 0.12))
    (fp_line (start 2.401 -2.175) (end 2.401 -1.04) (layer F.SilkS) (width 0.12))
    (fp_line (start 2.401 1.04) (end 2.401 2.175) (layer F.SilkS) (width 0.12))
    (fp_line (start 2.441 -2.149) (end 2.441 -1.04) (layer F.SilkS) (width 0.12))
    (fp_line (start 2.441 1.04) (end 2.441 2.149) (layer F.SilkS) (width 0.12))
    (fp_line (start 2.481 -2.122) (end 2.481 -1.04) (layer F.SilkS) (width 0.12))
    (fp_line (start 2.481 1.04) (end 2.481 2.122) (layer F.SilkS) (width 0.12))
    (fp_line (start 2.521 -2.095) (end 2.521 -1.04) (layer F.SilkS) (width 0.12))
    (fp_line (start 2.521 1.04) (end 2.521 2.095) (layer F.SilkS) (width 0.12))
    (fp_line (start 2.561 -2.065) (end 2.561 -1.04) (layer F.SilkS) (width 0.12))
    (fp_line (start 2.561 1.04) (end 2.561 2.065) (layer F.SilkS) (width 0.12))
    (fp_line (start 2.601 -2.035) (end 2.601 -1.04) (layer F.SilkS) (width 0.12))
    (fp_line (start 2.601 1.04) (end 2.601 2.035) (layer F.SilkS) (width 0.12))
    (fp_line (start 2.641 -2.004) (end 2.641 -1.04) (layer F.SilkS) (width 0.12))
    (fp_line (start 2.641 1.04) (end 2.641 2.004) (layer F.SilkS) (width 0.12))
    (fp_line (start 2.681 -1.971) (end 2.681 -1.04) (layer F.SilkS) (width 0.12))
    (fp_line (start 2.681 1.04) (end 2.681 1.971) (layer F.SilkS) (width 0.12))
    (fp_line (start 2.721 -1.937) (end 2.721 -1.04) (layer F.SilkS) (width 0.12))
    (fp_line (start 2.721 1.04) (end 2.721 1.937) (layer F.SilkS) (width 0.12))
    (fp_line (start 2.761 -1.901) (end 2.761 -1.04) (layer F.SilkS) (width 0.12))
    (fp_line (start 2.761 1.04) (end 2.761 1.901) (layer F.SilkS) (width 0.12))
    (fp_line (start 2.801 -1.864) (end 2.801 -1.04) (layer F.SilkS) (width 0.12))
    (fp_line (start 2.801 1.04) (end 2.801 1.864) (layer F.SilkS) (width 0.12))
    (fp_line (start 2.841 -1.826) (end 2.841 -1.04) (layer F.SilkS) (width 0.12))
    (fp_line (start 2.841 1.04) (end 2.841 1.826) (layer F.SilkS) (width 0.12))
    (fp_line (start 2.881 -1.785) (end 2.881 -1.04) (layer F.SilkS) (width 0.12))
    (fp_line (start 2.881 1.04) (end 2.881 1.785) (layer F.SilkS) (width 0.12))
    (fp_line (start 2.921 -1.743) (end 2.921 -1.04) (layer F.SilkS) (width 0.12))
    (fp_line (start 2.921 1.04) (end 2.921 1.743) (layer F.SilkS) (width 0.12))
    (fp_line (start 2.961 -1.699) (end 2.961 -1.04) (layer F.SilkS) (width 0.12))
    (fp_line (start 2.961 1.04) (end 2.961 1.699) (layer F.SilkS) (width 0.12))
    (fp_line (start 3.001 -1.653) (end 3.001 -1.04) (layer F.SilkS) (width 0.12))
    (fp_line (start 3.001 1.04) (end 3.001 1.653) (layer F.SilkS) (width 0.12))
    (fp_line (start 3.041 -1.605) (end 3.041 1.605) (layer F.SilkS) (width 0.12))
    (fp_line (start 3.081 -1.554) (end 3.081 1.554) (layer F.SilkS) (width 0.12))
    (fp_line (start 3.121 -1.5) (end 3.121 1.5) (layer F.SilkS) (width 0.12))
    (fp_line (start 3.161 -1.443) (end 3.161 1.443) (layer F.SilkS) (width 0.12))
    (fp_line (start 3.201 -1.383) (end 3.201 1.383) (layer F.SilkS) (width 0.12))
    (fp_line (start 3.241 -1.319) (end 3.241 1.319) (layer F.SilkS) (width 0.12))
    (fp_line (start 3.281 -1.251) (end 3.281 1.251) (layer F.SilkS) (width 0.12))
    (fp_line (start 3.321 -1.178) (end 3.321 1.178) (layer F.SilkS) (width 0.12))
    (fp_line (start 3.361 -1.098) (end 3.361 1.098) (layer F.SilkS) (width 0.12))
    (fp_line (start 3.401 -1.011) (end 3.401 1.011) (layer F.SilkS) (width 0.12))
    (fp_line (start 3.441 -0.915) (end 3.441 0.915) (layer F.SilkS) (width 0.12))
    (fp_line (start 3.481 -0.805) (end 3.481 0.805) (layer F.SilkS) (width 0.12))
    (fp_line (start 3.521 -0.677) (end 3.521 0.677) (layer F.SilkS) (width 0.12))
    (fp_line (start 3.561 -0.518) (end 3.561 0.518) (layer F.SilkS) (width 0.12))
    (fp_line (start 3.601 -0.284) (end 3.601 0.284) (layer F.SilkS) (width 0.12))
    (fp_line (start -1.804775 -1.475) (end -1.304775 -1.475) (layer F.SilkS) (width 0.12))
    (fp_line (start -1.554775 -1.725) (end -1.554775 -1.225) (layer F.SilkS) (width 0.12))
    (fp_text user %R (at 1 0 180) (layer F.Fab)
      (effects (font (size 1 1) (thickness 0.15)))
    )
    (pad 1 thru_hole rect (at 0 0 180) (size 1.6 1.6) (drill 0.8) (layers *.Cu *.Mask)
      (net 11 "Net-(C9-Pad1)"))
    (pad 2 thru_hole circle (at 2 0 180) (size 1.6 1.6) (drill 0.8) (layers *.Cu *.Mask)
      (net 4 GND))
    (model ${KISYS3DMOD}/Capacitor_THT.3dshapes/CP_Radial_D5.0mm_P2.00mm.wrl
      (at (xyz 0 0 0))
      (scale (xyz 1 1 1))
      (rotate (xyz 0 0 0))
    )
  )

  (module Capacitor_THT:CP_Radial_D6.3mm_P2.50mm (layer F.Cu) (tedit 5AE50EF0) (tstamp 5EA3395A)
    (at 86.74 108.53 180)
    (descr "CP, Radial series, Radial, pin pitch=2.50mm, , diameter=6.3mm, Electrolytic Capacitor")
    (tags "CP Radial series Radial pin pitch 2.50mm  diameter 6.3mm Electrolytic Capacitor")
    (path /5E3812AE)
    (fp_text reference C10 (at 1.25 -4.4 180) (layer F.SilkS)
      (effects (font (size 1 1) (thickness 0.15)))
    )
    (fp_text value 100u (at 1.25 4.4 180) (layer F.Fab)
      (effects (font (size 1 1) (thickness 0.15)))
    )
    (fp_circle (center 1.25 0) (end 4.4 0) (layer F.Fab) (width 0.1))
    (fp_circle (center 1.25 0) (end 4.52 0) (layer F.SilkS) (width 0.12))
    (fp_circle (center 1.25 0) (end 4.65 0) (layer F.CrtYd) (width 0.05))
    (fp_line (start -1.443972 -1.3735) (end -0.813972 -1.3735) (layer F.Fab) (width 0.1))
    (fp_line (start -1.128972 -1.6885) (end -1.128972 -1.0585) (layer F.Fab) (width 0.1))
    (fp_line (start 1.25 -3.23) (end 1.25 3.23) (layer F.SilkS) (width 0.12))
    (fp_line (start 1.29 -3.23) (end 1.29 3.23) (layer F.SilkS) (width 0.12))
